{
    "_versionMajor": 0,
    "_versionMinor": 3,
    "boundsCenter": {
        "x": -0.3448030352592468,
        "y": -0.2280712127685547,
        "z": -1.1623260974884033
    },
    "boundsSize": {
        "x": 1.8282674551010132,
        "y": 1.2633047103881836,
        "z": 1.8579750061035156
    },
    "format": "perpixel",
    "numAngles": 1,
    "perspectives": [
        {
            "clipEpsilon": 0.0027825168799608946,
            "crop": {
                "w": 0.5239043831825256,
                "x": 0.19920319318771362,
                "y": 0.24103586375713348,
                "z": 0.42430275678634644
            },
            "depthFocalLength": {
                "x": 910.2955932617188,
                "y": 910.2843017578125
            },
            "depthImageSize": {
                "x": 1920.0,
                "y": 1080.0
            },
            "depthPrincipalPoint": {
                "x": 959.0941162109375,
                "y": 552.2791748046875
            },
            "extrinsics": {
                "e00": 0.9999287128448486,
                "e01": -0.011857623234391212,
                "e02": -0.001420329324901104,
                "e03": 0.03198325261473656,
                "e10": 0.01194048672914505,
                "e11": 0.9947944283485413,
                "e12": 0.10120023041963577,
                "e13": 0.003432058496400714,
                "e20": 0.00021294147882144898,
                "e21": -0.10120997577905655,
                "e22": 0.9948650598526001,
                "e23": 0.0035203038714826107,
                "e30": 0.0,
                "e31": 0.0,
                "e32": 0.0,
                "e33": 1.0
            },
            "farClip": 2.0430359840393066,
            "nearClip": 0.2461017370223999
        }
    ],
    "textureHeight": 1132,
    "textureWidth": 814
}
